1 16 453209 453406 453500 453603 453800 453904 454004 454108 454201 454409 454502 454606 454706 455007 455204 455308
2 16 455308 455204 455007 454706 454606 454502 454409 454201 454108 454004 453904 453800 453603 453500 453406 453209
3 11 440106 440001 433205 433101 433008 432908 432700 432607 432202 432306 432109
4 11 432109 432306 432202 432607 432700 432908 433008 433101 433205 440001 440106
5 5 350500 360004 360201 360606 360709
6 5 360709 360606 360201 360004 350500
7 21 417804 417908 418703 418900 419000 419104 475405 475509 475706 475803 330102 330206 330306 330403 330600 330704 330808 331001 331105 332907 333007
8 21 333007 332907 331105 331001 330808 330704 330600 330403 330306 330206 330102 475803 475706 475509 475405 419104 419000 418900 418703 417908 417804
9 15 332907 333007 333100 333204 333308 333401 333505 333609 333702 333806 334008 334103 334207 334300 337506
10 15 337506 334300 334207 334103 334008 333806 333702 333609 333505 333401 333308 333204 333100 333007 332907
11 34 340000 340104 340301 340509 340602 340706 341200 341304 341408 341501 341709 347809 323109 338509 420008 420900 421104 421208 421301 421405 421509 421602 422003 422408 422501 422605 422906 423307 424009 424102 424206 424303 424704 424808
12 34 424808 424704 424303 424206 424102 424009 423307 422906 422605 422501 422408 422003 421602 421509 421405 421301 421208 421104 420900 420008 338509 323109 347809 341709 341501 341408 341304 341200 340706 340602 340509 340301 340104 340000
13 20 460804 460700 460607 460202 460005 386409 386305 386201 385904 385800 385603 385508 385406 385302 385209 384808 384704 384403 384302 384206
14 20 384206 384302 384403 384704 384808 385209 385302 385406 385508 385603 385800 385904 386201 386305 386409 460005 460202 460607 460700 460804
15 44 460804 460700 460607 460202 460005 386305 385904 385800 385603 385508 385406 384808 384403 384302 384206 384102 383504 383107 383006 382501 382408 381806 381706 380101 380008 349700 349607 349306 349202 349109 348905 348407 348106 348002 347902 347705 347601 347508 347207 346900 346806 346609 346204 346308
16 44 346308 346204 346609 346806 346900 347207 347508 347601 347705 347902 348002 348106 348407 348905 349109 349202 349306 349607 349700 380008 380101 381706 381806 382408 382501 383006 383107 383504 384102 384206 384302 384403 384808 385406 385508 385603 385800 385904 386305 460005 460202 460607 460700 460804
17 6 345606 345704 345803 346007 346100 346204
18 6 346204 346100 346007 345803 345704 345606
19 22 342006 341906 341802 339304 504608 504504 504400 504307 504203 503906 503802 503709 503605 503501 503408 503304 500607 500202 500005 496505 496401 496308
20 22 496308 496401 496505 500005 500202 500607 503304 503408 503501 503605 503709 503802 503906 504203 504307 504400 504504 504608 339304 341802 341906 342006
21 12 440106 440001 433506 433402 433309 433205 433101 433008 432908 432700 432607 432306
22 12 432306 432607 432700 432908 433008 433101 433205 433309 433402 433506 440001 440106
